0 0
65536
1 0
65536
2 0
65537
3 0
65537
4 0
65538
5 0
65538
6 0
65539
7 0
65539
0 1
65540
1 1
65540
2 1
65541
3 1
65541
4 1
65542
5 1
65542
6 1
65543
7 1
65543
0 2
65544
1 2
65544
2 2
65545
3 2
65545
4 2
65546
5 2
65546
6 2
65547
7 2
65547
0 3
65548
1 3
65548
2 3
65549
3 3
65549
4 3
65550
5 3
65550
6 3
65551
7 3
65551
0 4
65552
1 4
65552
2 4
65553
3 4
65553
4 4
65554
5 4
65554
6 4
65555
7 4
65555
0 5
65556
1 5
65556
2 5
65557
3 5
65557
4 5
65558
5 5
65558
6 5
65559
7 5
65559
0 6
65560
1 6
65560
2 6
65561
3 6
65561
4 6
65562
5 6
65562
6 6
65563
7 6
65563
0 7
65564
1 7
65564
2 7
65565
3 7
65565
4 7
65566
5 7
65566
6 7
65567
7 7
65567
8 0
65568
9 0
65568
10 0
65569
11 0
65569
12 0
65570
13 0
65570
14 0
65571
15 0
65571
8 1
65572
9 1
65572
10 1
65573
11 1
65573
12 1
65574
13 1
65574
14 1
65575
15 1
65575
8 2
65576
9 2
65576
10 2
65577
11 2
65577
12 2
65578
13 2
65578
14 2
65579
15 2
65579
8 3
65580
9 3
65580
10 3
65581
11 3
65581
12 3
65582
13 3
65582
14 3
65583
15 3
65583
8 4
65584
9 4
65584
10 4
65585
11 4
65585
12 4
65586
13 4
65586
14 4
65587
15 4
65587
8 5
65588
9 5
65588
10 5
65589
11 5
65589
12 5
65590
13 5
65590
14 5
65591
15 5
65591
8 6
65592
9 6
65592
10 6
65593
11 6
65593
12 6
65594
13 6
65594
14 6
65595
15 6
65595
8 7
65596
9 7
65596
10 7
65597
11 7
65597
12 7
65598
13 7
65598
14 7
65599
15 7
65599
16 0
65600
17 0
65600
18 0
65601
19 0
65601
20 0
65602
21 0
65602
22 0
65603
23 0
65603
16 1
65604
17 1
65604
18 1
65605
19 1
65605
20 1
65606
21 1
65606
22 1
65607
23 1
65607
16 2
65608
17 2
65608
18 2
65609
19 2
65609
20 2
65610
21 2
65610
22 2
65611
23 2
65611
16 3
65612
17 3
65612
18 3
65613
19 3
65613
20 3
65614
21 3
65614
22 3
65615
23 3
65615
16 4
65616
17 4
65616
18 4
65617
19 4
65617
20 4
65618
21 4
65618
22 4
65619
23 4
65619
16 5
65620
17 5
65620
18 5
65621
19 5
65621
20 5
65622
21 5
65622
22 5
65623
23 5
65623
16 6
65624
17 6
65624
18 6
65625
19 6
65625
20 6
65626
21 6
65626
22 6
65627
23 6
65627
16 7
65628
17 7
65628
18 7
65629
19 7
65629
20 7
65630
21 7
65630
22 7
65631
23 7
65631
24 0
65632
25 0
65632
26 0
65633
27 0
65633
28 0
65634
29 0
65634
30 0
65635
31 0
65635
24 1
65636
25 1
65636
26 1
65637
27 1
65637
28 1
65638
29 1
65638
30 1
65639
31 1
65639
24 2
65640
25 2
65640
26 2
65641
27 2
65641
28 2
65642
29 2
65642
30 2
65643
31 2
65643
24 3
65644
25 3
65644
26 3
65645
27 3
65645
28 3
65646
29 3
65646
30 3
65647
31 3
65647
24 4
65648
25 4
65648
26 4
65649
27 4
65649
28 4
65650
29 4
65650
30 4
65651
31 4
65651
24 5
65652
25 5
65652
26 5
65653
27 5
65653
28 5
65654
29 5
65654
30 5
65655
31 5
65655
24 6
65656
25 6
65656
26 6
65657
27 6
65657
28 6
65658
29 6
65658
30 6
65659
31 6
65659
24 7
65660
25 7
65660
26 7
65661
27 7
65661
28 7
65662
29 7
65662
30 7
65663
31 7
65663
32 0
65664
33 0
65664
34 0
65665
35 0
65665
36 0
65666
37 0
65666
38 0
65667
39 0
65667
32 1
65668
33 1
65668
34 1
65669
35 1
65669
36 1
65670
37 1
65670
38 1
65671
39 1
65671
32 2
65672
33 2
65672
34 2
65673
35 2
65673
36 2
65674
37 2
65674
38 2
65675
39 2
65675
32 3
65676
33 3
65676
34 3
65677
35 3
65677
36 3
65678
37 3
65678
38 3
65679
39 3
65679
32 4
65680
33 4
65680
34 4
65681
35 4
65681
36 4
65682
37 4
65682
38 4
65683
39 4
65683
32 5
65684
33 5
65684
34 5
65685
35 5
65685
36 5
65686
37 5
65686
38 5
65687
39 5
65687
32 6
65688
33 6
65688
34 6
65689
35 6
65689
36 6
65690
37 6
65690
38 6
65691
39 6
65691
32 7
65692
33 7
65692
34 7
65693
35 7
65693
36 7
65694
37 7
65694
38 7
65695
39 7
65695
40 0
65696
41 0
65696
42 0
65697
43 0
65697
44 0
65698
45 0
65698
46 0
65699
47 0
65699
40 1
65700
41 1
65700
42 1
65701
43 1
65701
44 1
65702
45 1
65702
46 1
65703
47 1
65703
40 2
65704
41 2
65704
42 2
65705
43 2
65705
44 2
65706
45 2
65706
46 2
65707
47 2
65707
40 3
65708
41 3
65708
42 3
65709
43 3
65709
44 3
65710
45 3
65710
46 3
65711
47 3
65711
40 4
65712
41 4
65712
42 4
65713
43 4
65713
44 4
65714
45 4
65714
46 4
65715
47 4
65715
40 5
65716
41 5
65716
42 5
65717
43 5
65717
44 5
65718
45 5
65718
46 5
65719
47 5
65719
40 6
65720
41 6
65720
42 6
65721
43 6
65721
44 6
65722
45 6
65722
46 6
65723
47 6
65723
40 7
65724
41 7
65724
42 7
65725
43 7
65725
44 7
65726
45 7
65726
46 7
65727
47 7
65727
48 0
65728
49 0
65728
50 0
65729
51 0
65729
52 0
65730
53 0
65730
54 0
65731
55 0
65731
48 1
65732
49 1
65732
50 1
65733
51 1
65733
52 1
65734
53 1
65734
54 1
65735
55 1
65735
48 2
65736
49 2
65736
50 2
65737
51 2
65737
52 2
65738
53 2
65738
54 2
65739
55 2
65739
48 3
65740
49 3
65740
50 3
65741
51 3
65741
52 3
65742
53 3
65742
54 3
65743
55 3
65743
48 4
65744
49 4
65744
50 4
65745
51 4
65745
52 4
65746
53 4
65746
54 4
65747
55 4
65747
48 5
65748
49 5
65748
50 5
65749
51 5
65749
52 5
65750
53 5
65750
54 5
65751
55 5
65751
48 6
65752
49 6
65752
50 6
65753
51 6
65753
52 6
65754
53 6
65754
54 6
65755
55 6
65755
48 7
65756
49 7
65756
50 7
65757
51 7
65757
52 7
65758
53 7
65758
54 7
65759
55 7
65759
56 0
65760
57 0
65760
58 0
65761
59 0
65761
60 0
65762
61 0
65762
62 0
65763
63 0
65763
56 1
65764
57 1
65764
58 1
65765
59 1
65765
60 1
65766
61 1
65766
62 1
65767
63 1
65767
56 2
65768
57 2
65768
58 2
65769
59 2
65769
60 2
65770
61 2
65770
62 2
65771
63 2
65771
56 3
65772
57 3
65772
58 3
65773
59 3
65773
60 3
65774
61 3
65774
62 3
65775
63 3
65775
56 4
65776
57 4
65776
58 4
65777
59 4
65777
60 4
65778
61 4
65778
62 4
65779
63 4
65779
56 5
65780
57 5
65780
58 5
65781
59 5
65781
60 5
65782
61 5
65782
62 5
65783
63 5
65783
56 6
65784
57 6
65784
58 6
65785
59 6
65785
60 6
65786
61 6
65786
62 6
65787
63 6
65787
56 7
65788
57 7
65788
58 7
65789
59 7
65789
60 7
65790
61 7
65790
62 7
65791
63 7
65791
0 8
66560
1 8
66560
2 8
66561
3 8
66561
4 8
66562
5 8
66562
6 8
66563
7 8
66563
0 9
66564
1 9
66564
2 9
66565
3 9
66565
4 9
66566
5 9
66566
6 9
66567
7 9
66567
0 10
66568
1 10
66568
2 10
66569
3 10
66569
4 10
66570
5 10
66570
6 10
66571
7 10
66571
0 11
66572
1 11
66572
2 11
66573
3 11
66573
4 11
66574
5 11
66574
6 11
66575
7 11
66575
0 12
66576
1 12
66576
2 12
66577
3 12
66577
4 12
66578
5 12
66578
6 12
66579
7 12
66579
0 13
66580
1 13
66580
2 13
66581
3 13
66581
4 13
66582
5 13
66582
6 13
66583
7 13
66583
0 14
66584
1 14
66584
2 14
66585
3 14
66585
4 14
66586
5 14
66586
6 14
66587
7 14
66587
0 15
66588
1 15
66588
2 15
66589
3 15
66589
4 15
66590
5 15
66590
6 15
66591
7 15
66591
8 8
66592
9 8
66592
10 8
66593
11 8
66593
12 8
66594
13 8
66594
14 8
66595
15 8
66595
8 9
66596
9 9
66596
10 9
66597
11 9
66597
12 9
66598
13 9
66598
14 9
66599
15 9
66599
8 10
66600
9 10
66600
10 10
66601
11 10
66601
12 10
66602
13 10
66602
14 10
66603
15 10
66603
8 11
66604
9 11
66604
10 11
66605
11 11
66605
12 11
66606
13 11
66606
14 11
66607
15 11
66607
8 12
66608
9 12
66608
10 12
66609
11 12
66609
12 12
66610
13 12
66610
14 12
66611
15 12
66611
8 13
66612
9 13
66612
10 13
66613
11 13
66613
12 13
66614
13 13
66614
14 13
66615
15 13
66615
8 14
66616
9 14
66616
10 14
66617
11 14
66617
12 14
66618
13 14
66618
14 14
66619
15 14
66619
8 15
66620
9 15
66620
10 15
66621
11 15
66621
12 15
66622
13 15
66622
14 15
66623
15 15
66623
16 8
66624
17 8
66624
18 8
66625
19 8
66625
20 8
66626
21 8
66626
22 8
66627
23 8
66627
16 9
66628
17 9
66628
18 9
66629
19 9
66629
20 9
66630
21 9
66630
22 9
66631
23 9
66631
16 10
66632
17 10
66632
18 10
66633
19 10
66633
20 10
66634
21 10
66634
22 10
66635
23 10
66635
16 11
66636
17 11
66636
18 11
66637
19 11
66637
20 11
66638
21 11
66638
22 11
66639
23 11
66639
16 12
66640
17 12
66640
18 12
66641
19 12
66641
20 12
66642
21 12
66642
22 12
66643
23 12
66643
16 13
66644
17 13
66644
18 13
66645
19 13
66645
20 13
66646
21 13
66646
22 13
66647
23 13
66647
16 14
66648
17 14
66648
18 14
66649
19 14
66649
20 14
66650
21 14
66650
22 14
66651
23 14
66651
16 15
66652
17 15
66652
18 15
66653
19 15
66653
20 15
66654
21 15
66654
22 15
66655
23 15
66655
24 8
66656
25 8
66656
26 8
66657
27 8
66657
28 8
66658
29 8
66658
30 8
66659
31 8
66659
24 9
66660
25 9
66660
26 9
66661
27 9
66661
28 9
66662
29 9
66662
30 9
66663
31 9
66663
24 10
66664
25 10
66664
26 10
66665
27 10
66665
28 10
66666
29 10
66666
30 10
66667
31 10
66667
24 11
66668
25 11
66668
26 11
66669
27 11
66669
28 11
66670
29 11
66670
30 11
66671
31 11
66671
24 12
66672
25 12
66672
26 12
66673
27 12
66673
28 12
66674
29 12
66674
30 12
66675
31 12
66675
24 13
66676
25 13
66676
26 13
66677
27 13
66677
28 13
66678
29 13
66678
30 13
66679
31 13
66679
24 14
66680
25 14
66680
26 14
66681
27 14
66681
28 14
66682
29 14
66682
30 14
66683
31 14
66683
24 15
66684
25 15
66684
26 15
66685
27 15
66685
28 15
66686
29 15
66686
30 15
66687
31 15
66687
32 8
66688
33 8
66688
34 8
66689
35 8
66689
36 8
66690
37 8
66690
38 8
66691
39 8
66691
32 9
66692
33 9
66692
34 9
66693
35 9
66693
36 9
66694
37 9
66694
38 9
66695
39 9
66695
32 10
66696
33 10
66696
34 10
66697
35 10
66697
36 10
66698
37 10
66698
38 10
66699
39 10
66699
32 11
66700
33 11
66700
34 11
66701
35 11
66701
36 11
66702
37 11
66702
38 11
66703
39 11
66703
32 12
66704
33 12
66704
34 12
66705
35 12
66705
36 12
66706
37 12
66706
38 12
66707
39 12
66707
32 13
66708
33 13
66708
34 13
66709
35 13
66709
36 13
66710
37 13
66710
38 13
66711
39 13
66711
32 14
66712
33 14
66712
34 14
66713
35 14
66713
36 14
66714
37 14
66714
38 14
66715
39 14
66715
32 15
66716
33 15
66716
34 15
66717
35 15
66717
36 15
66718
37 15
66718
38 15
66719
39 15
66719
40 8
66720
41 8
66720
42 8
66721
43 8
66721
44 8
66722
45 8
66722
46 8
66723
47 8
66723
40 9
66724
41 9
66724
42 9
66725
43 9
66725
44 9
66726
45 9
66726
46 9
66727
47 9
66727
40 10
66728
41 10
66728
42 10
66729
43 10
66729
44 10
66730
45 10
66730
46 10
66731
47 10
66731
40 11
66732
41 11
66732
42 11
66733
43 11
66733
44 11
66734
45 11
66734
46 11
66735
47 11
66735
40 12
66736
41 12
66736
42 12
66737
43 12
66737
44 12
66738
45 12
66738
46 12
66739
47 12
66739
40 13
66740
41 13
66740
42 13
66741
43 13
66741
44 13
66742
45 13
66742
46 13
66743
47 13
66743
40 14
66744
41 14
66744
42 14
66745
43 14
66745
44 14
66746
45 14
66746
46 14
66747
47 14
66747
40 15
66748
41 15
66748
42 15
66749
43 15
66749
44 15
66750
45 15
66750
46 15
66751
47 15
66751
48 8
66752
49 8
66752
50 8
66753
51 8
66753
52 8
66754
53 8
66754
54 8
66755
55 8
66755
48 9
66756
49 9
66756
50 9
66757
51 9
66757
52 9
66758
53 9
66758
54 9
66759
55 9
66759
48 10
66760
49 10
66760
50 10
66761
51 10
66761
52 10
66762
53 10
66762
54 10
66763
55 10
66763
48 11
66764
49 11
66764
50 11
66765
51 11
66765
52 11
66766
53 11
66766
54 11
66767
55 11
66767
48 12
66768
49 12
66768
50 12
66769
51 12
66769
52 12
66770
53 12
66770
54 12
66771
55 12
66771
48 13
66772
49 13
66772
50 13
66773
51 13
66773
52 13
66774
53 13
66774
54 13
66775
55 13
66775
48 14
66776
49 14
66776
50 14
66777
51 14
66777
52 14
66778
53 14
66778
54 14
66779
55 14
66779
48 15
66780
49 15
66780
50 15
66781
51 15
66781
52 15
66782
53 15
66782
54 15
66783
55 15
66783
56 8
66784
57 8
66784
58 8
66785
59 8
66785
60 8
66786
61 8
66786
62 8
66787
63 8
66787
56 9
66788
57 9
66788
58 9
66789
59 9
66789
60 9
66790
61 9
66790
62 9
66791
63 9
66791
56 10
66792
57 10
66792
58 10
66793
59 10
66793
60 10
66794
61 10
66794
62 10
66795
63 10
66795
56 11
66796
57 11
66796
58 11
66797
59 11
66797
60 11
66798
61 11
66798
62 11
66799
63 11
66799
56 12
66800
57 12
66800
58 12
66801
59 12
66801
60 12
66802
61 12
66802
62 12
66803
63 12
66803
56 13
66804
57 13
66804
58 13
66805
59 13
66805
60 13
66806
61 13
66806
62 13
66807
63 13
66807
56 14
66808
57 14
66808
58 14
66809
59 14
66809
60 14
66810
61 14
66810
62 14
66811
63 14
66811
56 15
66812
57 15
66812
58 15
66813
59 15
66813
60 15
66814
61 15
66814
62 15
66815
63 15
66815
0 16
67584
1 16
67584
2 16
67585
3 16
67585
4 16
67586
5 16
67586
6 16
67587
7 16
67587
0 17
67588
1 17
67588
2 17
67589
3 17
67589
4 17
67590
5 17
67590
6 17
67591
7 17
67591
0 18
67592
1 18
67592
2 18
67593
3 18
67593
4 18
67594
5 18
67594
6 18
67595
7 18
67595
0 19
67596
1 19
67596
2 19
67597
3 19
67597
4 19
67598
5 19
67598
6 19
67599
7 19
67599
0 20
67600
1 20
67600
2 20
67601
3 20
67601
4 20
67602
5 20
67602
6 20
67603
7 20
67603
0 21
67604
1 21
67604
2 21
67605
3 21
67605
4 21
67606
5 21
67606
6 21
67607
7 21
67607
0 22
67608
1 22
67608
2 22
67609
3 22
67609
4 22
67610
5 22
67610
6 22
67611
7 22
67611
0 23
67612
1 23
67612
2 23
67613
3 23
67613
4 23
67614
5 23
67614
6 23
67615
7 23
67615
8 16
67616
9 16
67616
10 16
67617
11 16
67617
12 16
67618
13 16
67618
14 16
67619
15 16
67619
8 17
67620
9 17
67620
10 17
67621
11 17
67621
12 17
67622
13 17
67622
14 17
67623
15 17
67623
8 18
67624
9 18
67624
10 18
67625
11 18
67625
12 18
67626
13 18
67626
14 18
67627
15 18
67627
8 19
67628
9 19
67628
10 19
67629
11 19
67629
12 19
67630
13 19
67630
14 19
67631
15 19
67631
8 20
67632
9 20
67632
10 20
67633
11 20
67633
12 20
67634
13 20
67634
14 20
67635
15 20
67635
8 21
67636
9 21
67636
10 21
67637
11 21
67637
12 21
67638
13 21
67638
14 21
67639
15 21
67639
8 22
67640
9 22
67640
10 22
67641
11 22
67641
12 22
67642
13 22
67642
14 22
67643
15 22
67643
8 23
67644
9 23
67644
10 23
67645
11 23
67645
12 23
67646
13 23
67646
14 23
67647
15 23
67647
16 16
67648
17 16
67648
18 16
67649
19 16
67649
20 16
67650
21 16
67650
22 16
67651
23 16
67651
16 17
67652
17 17
67652
18 17
67653
19 17
67653
20 17
67654
21 17
67654
22 17
67655
23 17
67655
16 18
67656
17 18
67656
18 18
67657
19 18
67657
20 18
67658
21 18
67658
22 18
67659
23 18
67659
16 19
67660
17 19
67660
18 19
67661
19 19
67661
20 19
67662
21 19
67662
22 19
67663
23 19
67663
16 20
67664
17 20
67664
18 20
67665
19 20
67665
20 20
67666
21 20
67666
22 20
67667
23 20
67667
16 21
67668
17 21
67668
18 21
67669
19 21
67669
20 21
67670
21 21
67670
22 21
67671
23 21
67671
16 22
67672
17 22
67672
18 22
67673
19 22
67673
20 22
67674
21 22
67674
22 22
67675
23 22
67675
16 23
67676
17 23
67676
18 23
67677
19 23
67677
20 23
67678
21 23
67678
22 23
67679
23 23
67679
24 16
67680
25 16
67680
26 16
67681
27 16
67681
28 16
67682
29 16
67682
30 16
67683
31 16
67683
24 17
67684
25 17
67684
26 17
67685
27 17
67685
28 17
67686
29 17
67686
30 17
67687
31 17
67687
24 18
67688
25 18
67688
26 18
67689
27 18
67689
28 18
67690
29 18
67690
30 18
67691
31 18
67691
24 19
67692
25 19
67692
26 19
67693
27 19
67693
28 19
67694
29 19
67694
30 19
67695
31 19
67695
24 20
67696
25 20
67696
26 20
67697
27 20
67697
28 20
67698
29 20
67698
30 20
67699
31 20
67699
24 21
67700
25 21
67700
26 21
67701
27 21
67701
28 21
67702
29 21
67702
30 21
67703
31 21
67703
24 22
67704
25 22
67704
26 22
67705
27 22
67705
28 22
67706
29 22
67706
30 22
67707
31 22
67707
24 23
67708
25 23
67708
26 23
67709
27 23
67709
28 23
67710
29 23
67710
30 23
67711
31 23
67711
32 16
67712
33 16
67712
34 16
67713
35 16
67713
36 16
67714
37 16
67714
38 16
67715
39 16
67715
32 17
67716
33 17
67716
34 17
67717
35 17
67717
36 17
67718
37 17
67718
38 17
67719
39 17
67719
32 18
67720
33 18
67720
34 18
67721
35 18
67721
36 18
67722
37 18
67722
38 18
67723
39 18
67723
32 19
67724
33 19
67724
34 19
67725
35 19
67725
36 19
67726
37 19
67726
38 19
67727
39 19
67727
32 20
67728
33 20
67728
34 20
67729
35 20
67729
36 20
67730
37 20
67730
38 20
67731
39 20
67731
32 21
67732
33 21
67732
34 21
67733
35 21
67733
36 21
67734
37 21
67734
38 21
67735
39 21
67735
32 22
67736
33 22
67736
34 22
67737
35 22
67737
36 22
67738
37 22
67738
38 22
67739
39 22
67739
32 23
67740
33 23
67740
34 23
67741
35 23
67741
36 23
67742
37 23
67742
38 23
67743
39 23
67743
40 16
67744
41 16
67744
42 16
67745
43 16
67745
44 16
67746
45 16
67746
46 16
67747
47 16
67747
40 17
67748
41 17
67748
42 17
67749
43 17
67749
44 17
67750
45 17
67750
46 17
67751
47 17
67751
40 18
67752
41 18
67752
42 18
67753
43 18
67753
44 18
67754
45 18
67754
46 18
67755
47 18
67755
40 19
67756
41 19
67756
42 19
67757
43 19
67757
44 19
67758
45 19
67758
46 19
67759
47 19
67759
40 20
67760
41 20
67760
42 20
67761
43 20
67761
44 20
67762
45 20
67762
46 20
67763
47 20
67763
40 21
67764
41 21
67764
42 21
67765
43 21
67765
44 21
67766
45 21
67766
46 21
67767
47 21
67767
40 22
67768
41 22
67768
42 22
67769
43 22
67769
44 22
67770
45 22
67770
46 22
67771
47 22
67771
40 23
67772
41 23
67772
42 23
67773
43 23
67773
44 23
67774
45 23
67774
46 23
67775
47 23
67775
48 16
67776
49 16
67776
50 16
67777
51 16
67777
52 16
67778
53 16
67778
54 16
67779
55 16
67779
48 17
67780
49 17
67780
50 17
67781
51 17
67781
52 17
67782
53 17
67782
54 17
67783
55 17
67783
48 18
67784
49 18
67784
50 18
67785
51 18
67785
52 18
67786
53 18
67786
54 18
67787
55 18
67787
48 19
67788
49 19
67788
50 19
67789
51 19
67789
52 19
67790
53 19
67790
54 19
67791
55 19
67791
48 20
67792
49 20
67792
50 20
67793
51 20
67793
52 20
67794
53 20
67794
54 20
67795
55 20
67795
48 21
67796
49 21
67796
50 21
67797
51 21
67797
52 21
67798
53 21
67798
54 21
67799
55 21
67799
48 22
67800
49 22
67800
50 22
67801
51 22
67801
52 22
67802
53 22
67802
54 22
67803
55 22
67803
48 23
67804
49 23
67804
50 23
67805
51 23
67805
52 23
67806
53 23
67806
54 23
67807
55 23
67807
56 16
67808
57 16
67808
58 16
67809
59 16
67809
60 16
67810
61 16
67810
62 16
67811
63 16
67811
56 17
67812
57 17
67812
58 17
67813
59 17
67813
60 17
67814
61 17
67814
62 17
67815
63 17
67815
56 18
67816
57 18
67816
58 18
67817
59 18
67817
60 18
67818
61 18
67818
62 18
67819
63 18
67819
56 19
67820
57 19
67820
58 19
67821
59 19
67821
60 19
67822
61 19
67822
62 19
67823
63 19
67823
56 20
67824
57 20
67824
58 20
67825
59 20
67825
60 20
67826
61 20
67826
62 20
67827
63 20
67827
56 21
67828
57 21
67828
58 21
67829
59 21
67829
60 21
67830
61 21
67830
62 21
67831
63 21
67831
56 22
67832
57 22
67832
58 22
67833
59 22
67833
60 22
67834
61 22
67834
62 22
67835
63 22
67835
56 23
67836
57 23
67836
58 23
67837
59 23
67837
60 23
67838
61 23
67838
62 23
67839
63 23
67839
0 24
68608
1 24
68608
2 24
68609
3 24
68609
4 24
68610
5 24
68610
6 24
68611
7 24
68611
0 25
68612
1 25
68612
2 25
68613
3 25
68613
4 25
68614
5 25
68614
6 25
68615
7 25
68615
0 26
68616
1 26
68616
2 26
68617
3 26
68617
4 26
68618
5 26
68618
6 26
68619
7 26
68619
0 27
68620
1 27
68620
2 27
68621
3 27
68621
4 27
68622
5 27
68622
6 27
68623
7 27
68623
0 28
68624
1 28
68624
2 28
68625
3 28
68625
4 28
68626
5 28
68626
6 28
68627
7 28
68627
0 29
68628
1 29
68628
2 29
68629
3 29
68629
4 29
68630
5 29
68630
6 29
68631
7 29
68631
0 30
68632
1 30
68632
2 30
68633
3 30
68633
4 30
68634
5 30
68634
6 30
68635
7 30
68635
0 31
68636
1 31
68636
2 31
68637
3 31
68637
4 31
68638
5 31
68638
6 31
68639
7 31
68639
8 24
68640
9 24
68640
10 24
68641
11 24
68641
12 24
68642
13 24
68642
14 24
68643
15 24
68643
8 25
68644
9 25
68644
10 25
68645
11 25
68645
12 25
68646
13 25
68646
14 25
68647
15 25
68647
8 26
68648
9 26
68648
10 26
68649
11 26
68649
12 26
68650
13 26
68650
14 26
68651
15 26
68651
8 27
68652
9 27
68652
10 27
68653
11 27
68653
12 27
68654
13 27
68654
14 27
68655
15 27
68655
8 28
68656
9 28
68656
10 28
68657
11 28
68657
12 28
68658
13 28
68658
14 28
68659
15 28
68659
8 29
68660
9 29
68660
10 29
68661
11 29
68661
12 29
68662
13 29
68662
14 29
68663
15 29
68663
8 30
68664
9 30
68664
10 30
68665
11 30
68665
12 30
68666
13 30
68666
14 30
68667
15 30
68667
8 31
68668
9 31
68668
10 31
68669
11 31
68669
12 31
68670
13 31
68670
14 31
68671
15 31
68671
16 24
68672
17 24
68672
18 24
68673
19 24
68673
20 24
68674
21 24
68674
22 24
68675
23 24
68675
16 25
68676
17 25
68676
18 25
68677
19 25
68677
20 25
68678
21 25
68678
22 25
68679
23 25
68679
16 26
68680
17 26
68680
18 26
68681
19 26
68681
20 26
68682
21 26
68682
22 26
68683
23 26
68683
16 27
68684
17 27
68684
18 27
68685
19 27
68685
20 27
68686
21 27
68686
22 27
68687
23 27
68687
16 28
68688
17 28
68688
18 28
68689
19 28
68689
20 28
68690
21 28
68690
22 28
68691
23 28
68691
16 29
68692
17 29
68692
18 29
68693
19 29
68693
20 29
68694
21 29
68694
22 29
68695
23 29
68695
16 30
68696
17 30
68696
18 30
68697
19 30
68697
20 30
68698
21 30
68698
22 30
68699
23 30
68699
16 31
68700
17 31
68700
18 31
68701
19 31
68701
20 31
68702
21 31
68702
22 31
68703
23 31
68703
24 24
68704
25 24
68704
26 24
68705
27 24
68705
28 24
68706
29 24
68706
30 24
68707
31 24
68707
24 25
68708
25 25
68708
26 25
68709
27 25
68709
28 25
68710
29 25
68710
30 25
68711
31 25
68711
24 26
68712
25 26
68712
26 26
68713
27 26
68713
28 26
68714
29 26
68714
30 26
68715
31 26
68715
24 27
68716
25 27
68716
26 27
68717
27 27
68717
28 27
68718
29 27
68718
30 27
68719
31 27
68719
24 28
68720
25 28
68720
26 28
68721
27 28
68721
28 28
68722
29 28
68722
30 28
68723
31 28
68723
24 29
68724
25 29
68724
26 29
68725
27 29
68725
28 29
68726
29 29
68726
30 29
68727
31 29
68727
24 30
68728
25 30
68728
26 30
68729
27 30
68729
28 30
68730
29 30
68730
30 30
68731
31 30
68731
24 31
68732
25 31
68732
26 31
68733
27 31
68733
28 31
68734
29 31
68734
30 31
68735
31 31
68735
32 24
68736
33 24
68736
34 24
68737
35 24
68737
36 24
68738
37 24
68738
38 24
68739
39 24
68739
32 25
68740
33 25
68740
34 25
68741
35 25
68741
36 25
68742
37 25
68742
38 25
68743
39 25
68743
32 26
68744
33 26
68744
34 26
68745
35 26
68745
36 26
68746
37 26
68746
38 26
68747
39 26
68747
32 27
68748
33 27
68748
34 27
68749
35 27
68749
36 27
68750
37 27
68750
38 27
68751
39 27
68751
32 28
68752
33 28
68752
34 28
68753
35 28
68753
36 28
68754
37 28
68754
38 28
68755
39 28
68755
32 29
68756
33 29
68756
34 29
68757
35 29
68757
36 29
68758
37 29
68758
38 29
68759
39 29
68759
32 30
68760
33 30
68760
34 30
68761
35 30
68761
36 30
68762
37 30
68762
38 30
68763
39 30
68763
32 31
68764
33 31
68764
34 31
68765
35 31
68765
36 31
68766
37 31
68766
38 31
68767
39 31
68767
40 24
68768
41 24
68768
42 24
68769
43 24
68769
44 24
68770
45 24
68770
46 24
68771
47 24
68771
40 25
68772
41 25
68772
42 25
68773
43 25
68773
44 25
68774
45 25
68774
46 25
68775
47 25
68775
40 26
68776
41 26
68776
42 26
68777
43 26
68777
44 26
68778
45 26
68778
46 26
68779
47 26
68779
40 27
68780
41 27
68780
42 27
68781
43 27
68781
44 27
68782
45 27
68782
46 27
68783
47 27
68783
40 28
68784
41 28
68784
42 28
68785
43 28
68785
44 28
68786
45 28
68786
46 28
68787
47 28
68787
40 29
68788
41 29
68788
42 29
68789
43 29
68789
44 29
68790
45 29
68790
46 29
68791
47 29
68791
40 30
68792
41 30
68792
42 30
68793
43 30
68793
44 30
68794
45 30
68794
46 30
68795
47 30
68795
40 31
68796
41 31
68796
42 31
68797
43 31
68797
44 31
68798
45 31
68798
46 31
68799
47 31
68799
48 24
68800
49 24
68800
50 24
68801
51 24
68801
52 24
68802
53 24
68802
54 24
68803
55 24
68803
48 25
68804
49 25
68804
50 25
68805
51 25
68805
52 25
68806
53 25
68806
54 25
68807
55 25
68807
48 26
68808
49 26
68808
50 26
68809
51 26
68809
52 26
68810
53 26
68810
54 26
68811
55 26
68811
48 27
68812
49 27
68812
50 27
68813
51 27
68813
52 27
68814
53 27
68814
54 27
68815
55 27
68815
48 28
68816
49 28
68816
50 28
68817
51 28
68817
52 28
68818
53 28
68818
54 28
68819
55 28
68819
48 29
68820
49 29
68820
50 29
68821
51 29
68821
52 29
68822
53 29
68822
54 29
68823
55 29
68823
48 30
68824
49 30
68824
50 30
68825
51 30
68825
52 30
68826
53 30
68826
54 30
68827
55 30
68827
48 31
68828
49 31
68828
50 31
68829
51 31
68829
52 31
68830
53 31
68830
54 31
68831
55 31
68831
56 24
68832
57 24
68832
58 24
68833
59 24
68833
60 24
68834
61 24
68834
62 24
68835
63 24
68835
56 25
68836
57 25
68836
58 25
68837
59 25
68837
60 25
68838
61 25
68838
62 25
68839
63 25
68839
56 26
68840
57 26
68840
58 26
68841
59 26
68841
60 26
68842
61 26
68842
62 26
68843
63 26
68843
56 27
68844
57 27
68844
58 27
68845
59 27
68845
60 27
68846
61 27
68846
62 27
68847
63 27
68847
56 28
68848
57 28
68848
58 28
68849
59 28
68849
60 28
68850
61 28
68850
62 28
68851
63 28
68851
56 29
68852
57 29
68852
58 29
68853
59 29
68853
60 29
68854
61 29
68854
62 29
68855
63 29
68855
56 30
68856
57 30
68856
58 30
68857
59 30
68857
60 30
68858
61 30
68858
62 30
68859
63 30
68859
56 31
68860
57 31
68860
58 31
68861
59 31
68861
60 31
68862
61 31
68862
62 31
68863
63 31
68863
0 32
69632
1 32
69632
2 32
69633
3 32
69633
4 32
69634
5 32
69634
6 32
69635
7 32
69635
0 33
69636
1 33
69636
2 33
69637
3 33
69637
4 33
69638
5 33
69638
6 33
69639
7 33
69639
0 34
69640
1 34
69640
2 34
69641
3 34
69641
4 34
69642
5 34
69642
6 34
69643
7 34
69643
0 35
69644
1 35
69644
2 35
69645
3 35
69645
4 35
69646
5 35
69646
6 35
69647
7 35
69647
0 36
69648
1 36
69648
2 36
69649
3 36
69649
4 36
69650
5 36
69650
6 36
69651
7 36
69651
0 37
69652
1 37
69652
2 37
69653
3 37
69653
4 37
69654
5 37
69654
6 37
69655
7 37
69655
0 38
69656
1 38
69656
2 38
69657
3 38
69657
4 38
69658
5 38
69658
6 38
69659
7 38
69659
0 39
69660
1 39
69660
2 39
69661
3 39
69661
4 39
69662
5 39
69662
6 39
69663
7 39
69663
8 32
69664
9 32
69664
10 32
69665
11 32
69665
12 32
69666
13 32
69666
14 32
69667
15 32
69667
8 33
69668
9 33
69668
10 33
69669
11 33
69669
12 33
69670
13 33
69670
14 33
69671
15 33
69671
8 34
69672
9 34
69672
10 34
69673
11 34
69673
12 34
69674
13 34
69674
14 34
69675
15 34
69675
8 35
69676
9 35
69676
10 35
69677
11 35
69677
12 35
69678
13 35
69678
14 35
69679
15 35
69679
8 36
69680
9 36
69680
10 36
69681
11 36
69681
12 36
69682
13 36
69682
14 36
69683
15 36
69683
8 37
69684
9 37
69684
10 37
69685
11 37
69685
12 37
69686
13 37
69686
14 37
69687
15 37
69687
8 38
69688
9 38
69688
10 38
69689
11 38
69689
12 38
69690
13 38
69690
14 38
69691
15 38
69691
8 39
69692
9 39
69692
10 39
69693
11 39
69693
12 39
69694
13 39
69694
14 39
69695
15 39
69695
16 32
69696
17 32
69696
18 32
69697
19 32
69697
20 32
69698
21 32
69698
22 32
69699
23 32
69699
16 33
69700
17 33
69700
18 33
69701
19 33
69701
20 33
69702
21 33
69702
22 33
69703
23 33
69703
16 34
69704
17 34
69704
18 34
69705
19 34
69705
20 34
69706
21 34
69706
22 34
69707
23 34
69707
16 35
69708
17 35
69708
18 35
69709
19 35
69709
20 35
69710
21 35
69710
22 35
69711
23 35
69711
16 36
69712
17 36
69712
18 36
69713
19 36
69713
20 36
69714
21 36
69714
22 36
69715
23 36
69715
16 37
69716
17 37
69716
18 37
69717
19 37
69717
20 37
69718
21 37
69718
22 37
69719
23 37
69719
16 38
69720
17 38
69720
18 38
69721
19 38
69721
20 38
69722
21 38
69722
22 38
69723
23 38
69723
16 39
69724
17 39
69724
18 39
69725
19 39
69725
20 39
69726
21 39
69726
22 39
69727
23 39
69727
24 32
69728
25 32
69728
26 32
69729
27 32
69729
28 32
69730
29 32
69730
30 32
69731
31 32
69731
24 33
69732
25 33
69732
26 33
69733
27 33
69733
28 33
69734
29 33
69734
30 33
69735
31 33
69735
24 34
69736
25 34
69736
26 34
69737
27 34
69737
28 34
69738
29 34
69738
30 34
69739
31 34
69739
24 35
69740
25 35
69740
26 35
69741
27 35
69741
28 35
69742
29 35
69742
30 35
69743
31 35
69743
24 36
69744
25 36
69744
26 36
69745
27 36
69745
28 36
69746
29 36
69746
30 36
69747
31 36
69747
24 37
69748
25 37
69748
26 37
69749
27 37
69749
28 37
69750
29 37
69750
30 37
69751
31 37
69751
24 38
69752
25 38
69752
26 38
69753
27 38
69753
28 38
69754
29 38
69754
30 38
69755
31 38
69755
24 39
69756
25 39
69756
26 39
69757
27 39
69757
28 39
69758
29 39
69758
30 39
69759
31 39
69759
32 32
69760
33 32
69760
34 32
69761
35 32
69761
36 32
69762
37 32
69762
38 32
69763
39 32
69763
32 33
69764
33 33
69764
34 33
69765
35 33
69765
36 33
69766
37 33
69766
38 33
69767
39 33
69767
32 34
69768
33 34
69768
34 34
69769
35 34
69769
36 34
69770
37 34
69770
38 34
69771
39 34
69771
32 35
69772
33 35
69772
34 35
69773
35 35
69773
36 35
69774
37 35
69774
38 35
69775
39 35
69775
32 36
69776
33 36
69776
34 36
69777
35 36
69777
36 36
69778
37 36
69778
38 36
69779
39 36
69779
32 37
69780
33 37
69780
34 37
69781
35 37
69781
36 37
69782
37 37
69782
38 37
69783
39 37
69783
32 38
69784
33 38
69784
34 38
69785
35 38
69785
36 38
69786
37 38
69786
38 38
69787
39 38
69787
32 39
69788
33 39
69788
34 39
69789
35 39
69789
36 39
69790
37 39
69790
38 39
69791
39 39
69791
40 32
69792
41 32
69792
42 32
69793
43 32
69793
44 32
69794
45 32
69794
46 32
69795
47 32
69795
40 33
69796
41 33
69796
42 33
69797
43 33
69797
44 33
69798
45 33
69798
46 33
69799
47 33
69799
40 34
69800
41 34
69800
42 34
69801
43 34
69801
44 34
69802
45 34
69802
46 34
69803
47 34
69803
40 35
69804
41 35
69804
42 35
69805
43 35
69805
44 35
69806
45 35
69806
46 35
69807
47 35
69807
40 36
69808
41 36
69808
42 36
69809
43 36
69809
44 36
69810
45 36
69810
46 36
69811
47 36
69811
40 37
69812
41 37
69812
42 37
69813
43 37
69813
44 37
69814
45 37
69814
46 37
69815
47 37
69815
40 38
69816
41 38
69816
42 38
69817
43 38
69817
44 38
69818
45 38
69818
46 38
69819
47 38
69819
40 39
69820
41 39
69820
42 39
69821
43 39
69821
44 39
69822
45 39
69822
46 39
69823
47 39
69823
48 32
69824
49 32
69824
50 32
69825
51 32
69825
52 32
69826
53 32
69826
54 32
69827
55 32
69827
48 33
69828
49 33
69828
50 33
69829
51 33
69829
52 33
69830
53 33
69830
54 33
69831
55 33
69831
48 34
69832
49 34
69832
50 34
69833
51 34
69833
52 34
69834
53 34
69834
54 34
69835
55 34
69835
48 35
69836
49 35
69836
50 35
69837
51 35
69837
52 35
69838
53 35
69838
54 35
69839
55 35
69839
48 36
69840
49 36
69840
50 36
69841
51 36
69841
52 36
69842
53 36
69842
54 36
69843
55 36
69843
48 37
69844
49 37
69844
50 37
69845
51 37
69845
52 37
69846
53 37
69846
54 37
69847
55 37
69847
48 38
69848
49 38
69848
50 38
69849
51 38
69849
52 38
69850
53 38
69850
54 38
69851
55 38
69851
48 39
69852
49 39
69852
50 39
69853
51 39
69853
52 39
69854
53 39
69854
54 39
69855
55 39
69855
56 32
69856
57 32
69856
58 32
69857
59 32
69857
60 32
69858
61 32
69858
62 32
69859
63 32
69859
56 33
69860
57 33
69860
58 33
69861
59 33
69861
60 33
69862
61 33
69862
62 33
69863
63 33
69863
56 34
69864
57 34
69864
58 34
69865
59 34
69865
60 34
69866
61 34
69866
62 34
69867
63 34
69867
56 35
69868
57 35
69868
58 35
69869
59 35
69869
60 35
69870
61 35
69870
62 35
69871
63 35
69871
56 36
69872
57 36
69872
58 36
69873
59 36
69873
60 36
69874
61 36
69874
62 36
69875
63 36
69875
56 37
69876
57 37
69876
58 37
69877
59 37
69877
60 37
69878
61 37
69878
62 37
69879
63 37
69879
56 38
69880
57 38
69880
58 38
69881
59 38
69881
60 38
69882
61 38
69882
62 38
69883
63 38
69883
56 39
69884
57 39
69884
58 39
69885
59 39
69885
60 39
69886
61 39
69886
62 39
69887
63 39
69887
0 40
70656
1 40
70656
2 40
70657
3 40
70657
4 40
70658
5 40
70658
6 40
70659
7 40
70659
0 41
70660
1 41
70660
2 41
70661
3 41
70661
4 41
70662
5 41
70662
6 41
70663
7 41
70663
0 42
70664
1 42
70664
2 42
70665
3 42
70665
4 42
70666
5 42
70666
6 42
70667
7 42
70667
0 43
70668
1 43
70668
2 43
70669
3 43
70669
4 43
70670
5 43
70670
6 43
70671
7 43
70671
0 44
70672
1 44
70672
2 44
70673
3 44
70673
4 44
70674
5 44
70674
6 44
70675
7 44
70675
0 45
70676
1 45
70676
2 45
70677
3 45
70677
4 45
70678
5 45
70678
6 45
70679
7 45
70679
0 46
70680
1 46
70680
2 46
70681
3 46
70681
4 46
70682
5 46
70682
6 46
70683
7 46
70683
0 47
70684
1 47
70684
2 47
70685
3 47
70685
4 47
70686
5 47
70686
6 47
70687
7 47
70687
8 40
70688
9 40
70688
10 40
70689
11 40
70689
12 40
70690
13 40
70690
14 40
70691
15 40
70691
8 41
70692
9 41
70692
10 41
70693
11 41
70693
12 41
70694
13 41
70694
14 41
70695
15 41
70695
8 42
70696
9 42
70696
10 42
70697
11 42
70697
12 42
70698
13 42
70698
14 42
70699
15 42
70699
8 43
70700
9 43
70700
10 43
70701
11 43
70701
12 43
70702
13 43
70702
14 43
70703
15 43
70703
8 44
70704
9 44
70704
10 44
70705
11 44
70705
12 44
70706
13 44
70706
14 44
70707
15 44
70707
8 45
70708
9 45
70708
10 45
70709
11 45
70709
12 45
70710
13 45
70710
14 45
70711
15 45
70711
8 46
70712
9 46
70712
10 46
70713
11 46
70713
12 46
70714
13 46
70714
14 46
70715
15 46
70715
8 47
70716
9 47
70716
10 47
70717
11 47
70717
12 47
70718
13 47
70718
14 47
70719
15 47
70719
16 40
70720
17 40
70720
18 40
70721
19 40
70721
20 40
70722
21 40
70722
22 40
70723
23 40
70723
16 41
70724
17 41
70724
18 41
70725
19 41
70725
20 41
70726
21 41
70726
22 41
70727
23 41
70727
16 42
70728
17 42
70728
18 42
70729
19 42
70729
20 42
70730
21 42
70730
22 42
70731
23 42
70731
16 43
70732
17 43
70732
18 43
70733
19 43
70733
20 43
70734
21 43
70734
22 43
70735
23 43
70735
16 44
70736
17 44
70736
18 44
70737
19 44
70737
20 44
70738
21 44
70738
22 44
70739
23 44
70739
16 45
70740
17 45
70740
18 45
70741
19 45
70741
20 45
70742
21 45
70742
22 45
70743
23 45
70743
16 46
70744
17 46
70744
18 46
70745
19 46
70745
20 46
70746
21 46
70746
22 46
70747
23 46
70747
16 47
70748
17 47
70748
18 47
70749
19 47
70749
20 47
70750
21 47
70750
22 47
70751
23 47
70751
24 40
70752
25 40
70752
26 40
70753
27 40
70753
28 40
70754
29 40
70754
30 40
70755
31 40
70755
24 41
70756
25 41
70756
26 41
70757
27 41
70757
28 41
70758
29 41
70758
30 41
70759
31 41
70759
24 42
70760
25 42
70760
26 42
70761
27 42
70761
28 42
70762
29 42
70762
30 42
70763
31 42
70763
24 43
70764
25 43
70764
26 43
70765
27 43
70765
28 43
70766
29 43
70766
30 43
70767
31 43
70767
24 44
70768
25 44
70768
26 44
70769
27 44
70769
28 44
70770
29 44
70770
30 44
70771
31 44
70771
24 45
70772
25 45
70772
26 45
70773
27 45
70773
28 45
70774
29 45
70774
30 45
70775
31 45
70775
24 46
70776
25 46
70776
26 46
70777
27 46
70777
28 46
70778
29 46
70778
30 46
70779
31 46
70779
24 47
70780
25 47
70780
26 47
70781
27 47
70781
28 47
70782
29 47
70782
30 47
70783
31 47
70783
32 40
70784
33 40
70784
34 40
70785
35 40
70785
36 40
70786
37 40
70786
38 40
70787
39 40
70787
32 41
70788
33 41
70788
34 41
70789
35 41
70789
36 41
70790
37 41
70790
38 41
70791
39 41
70791
32 42
70792
33 42
70792
34 42
70793
35 42
70793
36 42
70794
37 42
70794
38 42
70795
39 42
70795
32 43
70796
33 43
70796
34 43
70797
35 43
70797
36 43
70798
37 43
70798
38 43
70799
39 43
70799
32 44
70800
33 44
70800
34 44
70801
35 44
70801
36 44
70802
37 44
70802
38 44
70803
39 44
70803
32 45
70804
33 45
70804
34 45
70805
35 45
70805
36 45
70806
37 45
70806
38 45
70807
39 45
70807
32 46
70808
33 46
70808
34 46
70809
35 46
70809
36 46
70810
37 46
70810
38 46
70811
39 46
70811
32 47
70812
33 47
70812
34 47
70813
35 47
70813
36 47
70814
37 47
70814
38 47
70815
39 47
70815
40 40
70816
41 40
70816
42 40
70817
43 40
70817
44 40
70818
45 40
70818
46 40
70819
47 40
70819
40 41
70820
41 41
70820
42 41
70821
43 41
70821
44 41
70822
45 41
70822
46 41
70823
47 41
70823
40 42
70824
41 42
70824
42 42
70825
43 42
70825
44 42
70826
45 42
70826
46 42
70827
47 42
70827
40 43
70828
41 43
70828
42 43
70829
43 43
70829
44 43
70830
45 43
70830
46 43
70831
47 43
70831
40 44
70832
41 44
70832
42 44
70833
43 44
70833
44 44
70834
45 44
70834
46 44
70835
47 44
70835
40 45
70836
41 45
70836
42 45
70837
43 45
70837
44 45
70838
45 45
70838
46 45
70839
47 45
70839
40 46
70840
41 46
70840
42 46
70841
43 46
70841
44 46
70842
45 46
70842
46 46
70843
47 46
70843
40 47
70844
41 47
70844
42 47
70845
43 47
70845
44 47
70846
45 47
70846
46 47
70847
47 47
70847
48 40
70848
49 40
70848
50 40
70849
51 40
70849
52 40
70850
53 40
70850
54 40
70851
55 40
70851
48 41
70852
49 41
70852
50 41
70853
51 41
70853
52 41
70854
53 41
70854
54 41
70855
55 41
70855
48 42
70856
49 42
70856
50 42
70857
51 42
70857
52 42
70858
53 42
70858
54 42
70859
55 42
70859
48 43
70860
49 43
70860
50 43
70861
51 43
70861
52 43
70862
53 43
70862
54 43
70863
55 43
70863
48 44
70864
49 44
70864
50 44
70865
51 44
70865
52 44
70866
53 44
70866
54 44
70867
55 44
70867
48 45
70868
49 45
70868
50 45
70869
51 45
70869
52 45
70870
53 45
70870
54 45
70871
55 45
70871
48 46
70872
49 46
70872
50 46
70873
51 46
70873
52 46
70874
53 46
70874
54 46
70875
55 46
70875
48 47
70876
49 47
70876
50 47
70877
51 47
70877
52 47
70878
53 47
70878
54 47
70879
55 47
70879
56 40
70880
57 40
70880
58 40
70881
59 40
70881
60 40
70882
61 40
70882
62 40
70883
63 40
70883
56 41
70884
57 41
70884
58 41
70885
59 41
70885
60 41
70886
61 41
70886
62 41
70887
63 41
70887
56 42
70888
57 42
70888
58 42
70889
59 42
70889
60 42
70890
61 42
70890
62 42
70891
63 42
70891
56 43
70892
57 43
70892
58 43
70893
59 43
70893
60 43
70894
61 43
70894
62 43
70895
63 43
70895
56 44
70896
57 44
70896
58 44
70897
59 44
70897
60 44
70898
61 44
70898
62 44
70899
63 44
70899
56 45
70900
57 45
70900
58 45
70901
59 45
70901
60 45
70902
61 45
70902
62 45
70903
63 45
70903
56 46
70904
57 46
70904
58 46
70905
59 46
70905
60 46
70906
61 46
70906
62 46
70907
63 46
70907
56 47
70908
57 47
70908
58 47
70909
59 47
70909
60 47
70910
61 47
70910
62 47
70911
63 47
70911
0 48
71680
1 48
71680
2 48
71681
3 48
71681
4 48
71682
5 48
71682
6 48
71683
7 48
71683
0 49
71684
1 49
71684
2 49
71685
3 49
71685
4 49
71686
5 49
71686
6 49
71687
7 49
71687
0 50
71688
1 50
71688
2 50
71689
3 50
71689
4 50
71690
5 50
71690
6 50
71691
7 50
71691
0 51
71692
1 51
71692
2 51
71693
3 51
71693
4 51
71694
5 51
71694
6 51
71695
7 51
71695
0 52
71696
1 52
71696
2 52
71697
3 52
71697
4 52
71698
5 52
71698
6 52
71699
7 52
71699
0 53
71700
1 53
71700
2 53
71701
3 53
71701
4 53
71702
5 53
71702
6 53
71703
7 53
71703
0 54
71704
1 54
71704
2 54
71705
3 54
71705
4 54
71706
5 54
71706
6 54
71707
7 54
71707
0 55
71708
1 55
71708
2 55
71709
3 55
71709
4 55
71710
5 55
71710
6 55
71711
7 55
71711
8 48
71712
9 48
71712
10 48
71713
11 48
71713
12 48
71714
13 48
71714
14 48
71715
15 48
71715
8 49
71716
9 49
71716
10 49
71717
11 49
71717
12 49
71718
13 49
71718
14 49
71719
15 49
71719
8 50
71720
9 50
71720
10 50
71721
11 50
71721
12 50
71722
13 50
71722
14 50
71723
15 50
71723
8 51
71724
9 51
71724
10 51
71725
11 51
71725
12 51
71726
13 51
71726
14 51
71727
15 51
71727
8 52
71728
9 52
71728
10 52
71729
11 52
71729
12 52
71730
13 52
71730
14 52
71731
15 52
71731
8 53
71732
9 53
71732
10 53
71733
11 53
71733
12 53
71734
13 53
71734
14 53
71735
15 53
71735
8 54
71736
9 54
71736
10 54
71737
11 54
71737
12 54
71738
13 54
71738
14 54
71739
15 54
71739
8 55
71740
9 55
71740
10 55
71741
11 55
71741
12 55
71742
13 55
71742
14 55
71743
15 55
71743
16 48
71744
17 48
71744
18 48
71745
19 48
71745
20 48
71746
21 48
71746
22 48
71747
23 48
71747
16 49
71748
17 49
71748
18 49
71749
19 49
71749
20 49
71750
21 49
71750
22 49
71751
23 49
71751
16 50
71752
17 50
71752
18 50
71753
19 50
71753
20 50
71754
21 50
71754
22 50
71755
23 50
71755
16 51
71756
17 51
71756
18 51
71757
19 51
71757
20 51
71758
21 51
71758
22 51
71759
23 51
71759
16 52
71760
17 52
71760
18 52
71761
19 52
71761
20 52
71762
21 52
71762
22 52
71763
23 52
71763
16 53
71764
17 53
71764
18 53
71765
19 53
71765
20 53
71766
21 53
71766
22 53
71767
23 53
71767
16 54
71768
17 54
71768
18 54
71769
19 54
71769
20 54
71770
21 54
71770
22 54
71771
23 54
71771
16 55
71772
17 55
71772
18 55
71773
19 55
71773
20 55
71774
21 55
71774
22 55
71775
23 55
71775
24 48
71776
25 48
71776
26 48
71777
27 48
71777
28 48
71778
29 48
71778
30 48
71779
31 48
71779
24 49
71780
25 49
71780
26 49
71781
27 49
71781
28 49
71782
29 49
71782
30 49
71783
31 49
71783
24 50
71784
25 50
71784
26 50
71785
27 50
71785
28 50
71786
29 50
71786
30 50
71787
31 50
71787
24 51
71788
25 51
71788
26 51
71789
27 51
71789
28 51
71790
29 51
71790
30 51
71791
31 51
71791
24 52
71792
25 52
71792
26 52
71793
27 52
71793
28 52
71794
29 52
71794
30 52
71795
31 52
71795
24 53
71796
25 53
71796
26 53
71797
27 53
71797
28 53
71798
29 53
71798
30 53
71799
31 53
71799
24 54
71800
25 54
71800
26 54
71801
27 54
71801
28 54
71802
29 54
71802
30 54
71803
31 54
71803
24 55
71804
25 55
71804
26 55
71805
27 55
71805
28 55
71806
29 55
71806
30 55
71807
31 55
71807
32 48
71808
33 48
71808
34 48
71809
35 48
71809
36 48
71810
37 48
71810
38 48
71811
39 48
71811
32 49
71812
33 49
71812
34 49
71813
35 49
71813
36 49
71814
37 49
71814
38 49
71815
39 49
71815
32 50
71816
33 50
71816
34 50
71817
35 50
71817
36 50
71818
37 50
71818
38 50
71819
39 50
71819
32 51
71820
33 51
71820
34 51
71821
35 51
71821
36 51
71822
37 51
71822
38 51
71823
39 51
71823
32 52
71824
33 52
71824
34 52
71825
35 52
71825
36 52
71826
37 52
71826
38 52
71827
39 52
71827
32 53
71828
33 53
71828
34 53
71829
35 53
71829
36 53
71830
37 53
71830
38 53
71831
39 53
71831
32 54
71832
33 54
71832
34 54
71833
35 54
71833
36 54
71834
37 54
71834
38 54
71835
39 54
71835
32 55
71836
33 55
71836
34 55
71837
35 55
71837
36 55
71838
37 55
71838
38 55
71839
39 55
71839
40 48
71840
41 48
71840
42 48
71841
43 48
71841
44 48
71842
45 48
71842
46 48
71843
47 48
71843
40 49
71844
41 49
71844
42 49
71845
43 49
71845
44 49
71846
45 49
71846
46 49
71847
47 49
71847
40 50
71848
41 50
71848
42 50
71849
43 50
71849
44 50
71850
45 50
71850
46 50
71851
47 50
71851
40 51
71852
41 51
71852
42 51
71853
43 51
71853
44 51
71854
45 51
71854
46 51
71855
47 51
71855
40 52
71856
41 52
71856
42 52
71857
43 52
71857
44 52
71858
45 52
71858
46 52
71859
47 52
71859
40 53
71860
41 53
71860
42 53
71861
43 53
71861
44 53
71862
45 53
71862
46 53
71863
47 53
71863
40 54
71864
41 54
71864
42 54
71865
43 54
71865
44 54
71866
45 54
71866
46 54
71867
47 54
71867
40 55
71868
41 55
71868
42 55
71869
43 55
71869
44 55
71870
45 55
71870
46 55
71871
47 55
71871
48 48
71872
49 48
71872
50 48
71873
51 48
71873
52 48
71874
53 48
71874
54 48
71875
55 48
71875
48 49
71876
49 49
71876
50 49
71877
51 49
71877
52 49
71878
53 49
71878
54 49
71879
55 49
71879
48 50
71880
49 50
71880
50 50
71881
51 50
71881
52 50
71882
53 50
71882
54 50
71883
55 50
71883
48 51
71884
49 51
71884
50 51
71885
51 51
71885
52 51
71886
53 51
71886
54 51
71887
55 51
71887
48 52
71888
49 52
71888
50 52
71889
51 52
71889
52 52
71890
53 52
71890
54 52
71891
55 52
71891
48 53
71892
49 53
71892
50 53
71893
51 53
71893
52 53
71894
53 53
71894
54 53
71895
55 53
71895
48 54
71896
49 54
71896
50 54
71897
51 54
71897
52 54
71898
53 54
71898
54 54
71899
55 54
71899
48 55
71900
49 55
71900
50 55
71901
51 55
71901
52 55
71902
53 55
71902
54 55
71903
55 55
71903
56 48
71904
57 48
71904
58 48
71905
59 48
71905
60 48
71906
61 48
71906
62 48
71907
63 48
71907
56 49
71908
57 49
71908
58 49
71909
59 49
71909
60 49
71910
61 49
71910
62 49
71911
63 49
71911
56 50
71912
57 50
71912
58 50
71913
59 50
71913
60 50
71914
61 50
71914
62 50
71915
63 50
71915
56 51
71916
57 51
71916
58 51
71917
59 51
71917
60 51
71918
61 51
71918
62 51
71919
63 51
71919
56 52
71920
57 52
71920
58 52
71921
59 52
71921
60 52
71922
61 52
71922
62 52
71923
63 52
71923
56 53
71924
57 53
71924
58 53
71925
59 53
71925
60 53
71926
61 53
71926
62 53
71927
63 53
71927
56 54
71928
57 54
71928
58 54
71929
59 54
71929
60 54
71930
61 54
71930
62 54
71931
63 54
71931
56 55
71932
57 55
71932
58 55
71933
59 55
71933
60 55
71934
61 55
71934
62 55
71935
63 55
71935
0 56
72704
1 56
72704
2 56
72705
3 56
72705
4 56
72706
5 56
72706
6 56
72707
7 56
72707
0 57
72708
1 57
72708
2 57
72709
3 57
72709
4 57
72710
5 57
72710
6 57
72711
7 57
72711
0 58
72712
1 58
72712
2 58
72713
3 58
72713
4 58
72714
5 58
72714
6 58
72715
7 58
72715
0 59
72716
1 59
72716
2 59
72717
3 59
72717
4 59
72718
5 59
72718
6 59
72719
7 59
72719
0 60
72720
1 60
72720
2 60
72721
3 60
72721
4 60
72722
5 60
72722
6 60
72723
7 60
72723
0 61
72724
1 61
72724
2 61
72725
3 61
72725
4 61
72726
5 61
72726
6 61
72727
7 61
72727
0 62
72728
1 62
72728
2 62
72729
3 62
72729
4 62
72730
5 62
72730
6 62
72731
7 62
72731
0 63
72732
1 63
72732
2 63
72733
3 63
72733
4 63
72734
5 63
72734
6 63
72735
7 63
72735
8 56
72736
9 56
72736
10 56
72737
11 56
72737
12 56
72738
13 56
72738
14 56
72739
15 56
72739
8 57
72740
9 57
72740
10 57
72741
11 57
72741
12 57
72742
13 57
72742
14 57
72743
15 57
72743
8 58
72744
9 58
72744
10 58
72745
11 58
72745
12 58
72746
13 58
72746
14 58
72747
15 58
72747
8 59
72748
9 59
72748
10 59
72749
11 59
72749
12 59
72750
13 59
72750
14 59
72751
15 59
72751
8 60
72752
9 60
72752
10 60
72753
11 60
72753
12 60
72754
13 60
72754
14 60
72755
15 60
72755
8 61
72756
9 61
72756
10 61
72757
11 61
72757
12 61
72758
13 61
72758
14 61
72759
15 61
72759
8 62
72760
9 62
72760
10 62
72761
11 62
72761
12 62
72762
13 62
72762
14 62
72763
15 62
72763
8 63
72764
9 63
72764
10 63
72765
11 63
72765
12 63
72766
13 63
72766
14 63
72767
15 63
72767
16 56
72768
17 56
72768
18 56
72769
19 56
72769
20 56
72770
21 56
72770
22 56
72771
23 56
72771
16 57
72772
17 57
72772
18 57
72773
19 57
72773
20 57
72774
21 57
72774
22 57
72775
23 57
72775
16 58
72776
17 58
72776
18 58
72777
19 58
72777
20 58
72778
21 58
72778
22 58
72779
23 58
72779
16 59
72780
17 59
72780
18 59
72781
19 59
72781
20 59
72782
21 59
72782
22 59
72783
23 59
72783
16 60
72784
17 60
72784
18 60
72785
19 60
72785
20 60
72786
21 60
72786
22 60
72787
23 60
72787
16 61
72788
17 61
72788
18 61
72789
19 61
72789
20 61
72790
21 61
72790
22 61
72791
23 61
72791
16 62
72792
17 62
72792
18 62
72793
19 62
72793
20 62
72794
21 62
72794
22 62
72795
23 62
72795
16 63
72796
17 63
72796
18 63
72797
19 63
72797
20 63
72798
21 63
72798
22 63
72799
23 63
72799
24 56
72800
25 56
72800
26 56
72801
27 56
72801
28 56
72802
29 56
72802
30 56
72803
31 56
72803
24 57
72804
25 57
72804
26 57
72805
27 57
72805
28 57
72806
29 57
72806
30 57
72807
31 57
72807
24 58
72808
25 58
72808
26 58
72809
27 58
72809
28 58
72810
29 58
72810
30 58
72811
31 58
72811
24 59
72812
25 59
72812
26 59
72813
27 59
72813
28 59
72814
29 59
72814
30 59
72815
31 59
72815
24 60
72816
25 60
72816
26 60
72817
27 60
72817
28 60
72818
29 60
72818
30 60
72819
31 60
72819
24 61
72820
25 61
72820
26 61
72821
27 61
72821
28 61
72822
29 61
72822
30 61
72823
31 61
72823
24 62
72824
25 62
72824
26 62
72825
27 62
72825
28 62
72826
29 62
72826
30 62
72827
31 62
72827
24 63
72828
25 63
72828
26 63
72829
27 63
72829
28 63
72830
29 63
72830
30 63
72831
31 63
72831
32 56
72832
33 56
72832
34 56
72833
35 56
72833
36 56
72834
37 56
72834
38 56
72835
39 56
72835
32 57
72836
33 57
72836
34 57
72837
35 57
72837
36 57
72838
37 57
72838
38 57
72839
39 57
72839
32 58
72840
33 58
72840
34 58
72841
35 58
72841
36 58
72842
37 58
72842
38 58
72843
39 58
72843
32 59
72844
33 59
72844
34 59
72845
35 59
72845
36 59
72846
37 59
72846
38 59
72847
39 59
72847
32 60
72848
33 60
72848
34 60
72849
35 60
72849
36 60
72850
37 60
72850
38 60
72851
39 60
72851
32 61
72852
33 61
72852
34 61
72853
35 61
72853
36 61
72854
37 61
72854
38 61
72855
39 61
72855
32 62
72856
33 62
72856
34 62
72857
35 62
72857
36 62
72858
37 62
72858
38 62
72859
39 62
72859
32 63
72860
33 63
72860
34 63
72861
35 63
72861
36 63
72862
37 63
72862
38 63
72863
39 63
72863
40 56
72864
41 56
72864
42 56
72865
43 56
72865
44 56
72866
45 56
72866
46 56
72867
47 56
72867
40 57
72868
41 57
72868
42 57
72869
43 57
72869
44 57
72870
45 57
72870
46 57
72871
47 57
72871
40 58
72872
41 58
72872
42 58
72873
43 58
72873
44 58
72874
45 58
72874
46 58
72875
47 58
72875
40 59
72876
41 59
72876
42 59
72877
43 59
72877
44 59
72878
45 59
72878
46 59
72879
47 59
72879
40 60
72880
41 60
72880
42 60
72881
43 60
72881
44 60
72882
45 60
72882
46 60
72883
47 60
72883
40 61
72884
41 61
72884
42 61
72885
43 61
72885
44 61
72886
45 61
72886
46 61
72887
47 61
72887
40 62
72888
41 62
72888
42 62
72889
43 62
72889
44 62
72890
45 62
72890
46 62
72891
47 62
72891
40 63
72892
41 63
72892
42 63
72893
43 63
72893
44 63
72894
45 63
72894
46 63
72895
47 63
72895
48 56
72896
49 56
72896
50 56
72897
51 56
72897
52 56
72898
53 56
72898
54 56
72899
55 56
72899
48 57
72900
49 57
72900
50 57
72901
51 57
72901
52 57
72902
53 57
72902
54 57
72903
55 57
72903
48 58
72904
49 58
72904
50 58
72905
51 58
72905
52 58
72906
53 58
72906
54 58
72907
55 58
72907
48 59
72908
49 59
72908
50 59
72909
51 59
72909
52 59
72910
53 59
72910
54 59
72911
55 59
72911
48 60
72912
49 60
72912
50 60
72913
51 60
72913
52 60
72914
53 60
72914
54 60
72915
55 60
72915
48 61
72916
49 61
72916
50 61
72917
51 61
72917
52 61
72918
53 61
72918
54 61
72919
55 61
72919
48 62
72920
49 62
72920
50 62
72921
51 62
72921
52 62
72922
53 62
72922
54 62
72923
55 62
72923
48 63
72924
49 63
72924
50 63
72925
51 63
72925
52 63
72926
53 63
72926
54 63
72927
55 63
72927
56 56
72928
57 56
72928
58 56
72929
59 56
72929
60 56
72930
61 56
72930
62 56
72931
63 56
72931
56 57
72932
57 57
72932
58 57
72933
59 57
72933
60 57
72934
61 57
72934
62 57
72935
63 57
72935
56 58
72936
57 58
72936
58 58
72937
59 58
72937
60 58
72938
61 58
72938
62 58
72939
63 58
72939
56 59
72940
57 59
72940
58 59
72941
59 59
72941
60 59
72942
61 59
72942
62 59
72943
63 59
72943
56 60
72944
57 60
72944
58 60
72945
59 60
72945
60 60
72946
61 60
72946
62 60
72947
63 60
72947
56 61
72948
57 61
72948
58 61
72949
59 61
72949
60 61
72950
61 61
72950
62 61
72951
63 61
72951
56 62
72952
57 62
72952
58 62
72953
59 62
72953
60 62
72954
61 62
72954
62 62
72955
63 62
72955
56 63
72956
57 63
72956
58 63
72957
59 63
72957
60 63
72958
61 63
72958
62 63
72959
63 63
72959
